[gd_scene load_steps=19 format=3 uid="uid://w5vg4bxk8ywg"]

[ext_resource type="Texture2D" uid="uid://bskc17spmg4eh" path="res://Assets/Textures/Sky/CastleSky.jpg" id="1_ykwrd"]
[ext_resource type="ArrayMesh" uid="uid://1eqp0a3ugb4b" path="res://Assets/Models/Castle/bridge.obj" id="2_cuip1"]
[ext_resource type="PackedScene" uid="uid://c5stgguw5utpr" path="res://Scenes/Player/Player.tscn" id="2_lhsi4"]
[ext_resource type="Shader" path="res://Assets/Shaders/VertexDisplacement.gdshader" id="2_qe8yo"]
[ext_resource type="PackedScene" uid="uid://d02nh7tmph2lx" path="res://Scenes/Maps/Castle/castle_segment.tscn" id="3_hu1wl"]
[ext_resource type="PackedScene" uid="uid://biftq86ske6xg" path="res://Scenes/Maps/Castle/castle_end_segment.tscn" id="4_i68hq"]
[ext_resource type="PackedScene" uid="uid://cbq7dihrec7y7" path="res://Scenes/Maps/Castle/castle_gate_segment.tscn" id="5_6hnvq"]
[ext_resource type="PackedScene" uid="uid://csmrehdav17jr" path="res://Scenes/Maps/Castle/castle_corner_segment.tscn" id="8_gj6qp"]

[sub_resource type="PanoramaSkyMaterial" id="PanoramaSkyMaterial_bbnps"]
panorama = ExtResource("1_ykwrd")

[sub_resource type="Sky" id="Sky_6xprn"]
sky_material = SubResource("PanoramaSkyMaterial_bbnps")
process_mode = 1

[sub_resource type="Environment" id="Environment_teq1p"]
background_mode = 2
sky = SubResource("Sky_6xprn")
volumetric_fog_enabled = true
volumetric_fog_density = 0.0184

[sub_resource type="CameraAttributesPractical" id="CameraAttributesPractical_7jp7a"]

[sub_resource type="FastNoiseLite" id="FastNoiseLite_6b6ui"]

[sub_resource type="NoiseTexture2D" id="NoiseTexture2D_ewjac"]
height = 1024
noise = SubResource("FastNoiseLite_6b6ui")

[sub_resource type="ShaderMaterial" id="ShaderMaterial_8ltp0"]
render_priority = 0
shader = ExtResource("2_qe8yo")
shader_parameter/height_scale = 0.5
shader_parameter/displacement = SubResource("NoiseTexture2D_ewjac")

[sub_resource type="StandardMaterial3D" id="StandardMaterial3D_mmj54"]
albedo_color = Color(0.054902, 0.537255, 0.152941, 1)

[sub_resource type="PlaneMesh" id="PlaneMesh_hjlem"]
material = SubResource("StandardMaterial3D_mmj54")
size = Vector2(2000, 2000)
subdivide_width = 16
subdivide_depth = 16

[sub_resource type="WorldBoundaryShape3D" id="WorldBoundaryShape3D_rtbc6"]

[node name="Castle" type="Node3D"]

[node name="WorldEnvironment" type="WorldEnvironment" parent="."]
environment = SubResource("Environment_teq1p")
camera_attributes = SubResource("CameraAttributesPractical_7jp7a")

[node name="Sun" type="DirectionalLight3D" parent="WorldEnvironment"]
transform = Transform3D(1, 0, 0, 0, -4.37114e-08, 1, 0, -1, -4.37114e-08, 44.47, 25, 0)

[node name="MeshInstance3D" type="MeshInstance3D" parent="WorldEnvironment"]
transform = Transform3D(1, 0, 0, 0, 1, 0, 0, 0, 1, 0, -6.32671, 0)
material_override = SubResource("ShaderMaterial_8ltp0")
mesh = SubResource("PlaneMesh_hjlem")
skeleton = NodePath("../..")

[node name="Player" parent="." instance=ExtResource("2_lhsi4")]
transform = Transform3D(-4.37114e-08, 0, -1, 0, 1, 0, 1, 0, -4.37114e-08, -1.86279, 18.0874, -1.60395)

[node name="Floor" type="Node3D" parent="."]
transform = Transform3D(1, 0, 0, 0, 1, 0, 0, 0, 1, 40.47, 0, 0)

[node name="Floor1" type="MeshInstance3D" parent="Floor"]
transform = Transform3D(6.024, 0, 0, 0, 1, 0, 0, 0, 2.5, 0, 0, 0)
mesh = ExtResource("2_cuip1")
skeleton = NodePath("../..")

[node name="StaticBody3D" type="StaticBody3D" parent="Floor/Floor1"]

[node name="CollisionShape3D" type="CollisionShape3D" parent="Floor/Floor1/StaticBody3D"]
shape = SubResource("WorldBoundaryShape3D_rtbc6")

[node name="Floor2" type="MeshInstance3D" parent="Floor"]
transform = Transform3D(-6.024, 0, -3.77489e-07, 0, 1, 0, 9.09599e-07, 0, -2.5, 0, 0, 0)
mesh = ExtResource("2_cuip1")
skeleton = NodePath("../..")

[node name="Floor3" type="MeshInstance3D" parent="Floor"]
transform = Transform3D(-6.024, 0, -3.77489e-07, 0, 1, 0, 9.09599e-07, 0, -2.5, 120, 0, 0)
mesh = ExtResource("2_cuip1")
skeleton = NodePath("../..")

[node name="Floor4" type="MeshInstance3D" parent="Floor"]
transform = Transform3D(3.89008, 0, 1.90884, 0, 1, 0, -4.59955, 0, 1.61441, 101.174, -0.2, -3.505)
mesh = ExtResource("2_cuip1")
skeleton = NodePath("../..")

[node name="Floor5" type="MeshInstance3D" parent="Floor"]
transform = Transform3D(6.024, 0, 0, 0, 1, 0, 0, 0, 2.5, 120, 0, 0)
mesh = ExtResource("2_cuip1")
skeleton = NodePath("../..")

[node name="Floor6" type="MeshInstance3D" parent="Floor"]
transform = Transform3D(0.503246, 0, 0.864143, 0, 1, 0, -0.864143, 0, 0.503246, 122.769, -0.3, -6.86568)
mesh = ExtResource("2_cuip1")
skeleton = NodePath("../..")

[node name="Floor7" type="MeshInstance3D" parent="Floor"]
transform = Transform3D(-6.024, 0, -2.18557e-07, 0, 1, 0, 5.26635e-07, 0, -2.5, 240, 0, 0)
mesh = ExtResource("2_cuip1")
skeleton = NodePath("../..")

[node name="Floor8" type="MeshInstance3D" parent="Floor"]
transform = Transform3D(6.024, 0, 0, 0, 1, 0, 0, 0, 2.5, 240, 0, 0)
mesh = ExtResource("2_cuip1")
skeleton = NodePath("../..")

[node name="Floor9" type="MeshInstance3D" parent="Floor"]
transform = Transform3D(-3.85602, 0, -1.92071, 0, 1, 0, 4.62814, 0, -1.60027, 178.581, -0.2, -95.6758)
mesh = ExtResource("2_cuip1")
skeleton = NodePath("../..")

[node name="CastleSegmentEnd" parent="." instance=ExtResource("4_i68hq")]
transform = Transform3D(1, 0, 0, 0, 1, 0, 0, 0, 1, -20, 0, 5.267)

[node name="CastleSegmentLeft" parent="." instance=ExtResource("3_hu1wl")]

[node name="CastleSegment2" parent="CastleSegmentLeft" instance=ExtResource("3_hu1wl")]
transform = Transform3D(1, 0, 0, 0, 1, 0, 0, 0, 1, -1.90735e-06, 0, -30)

[node name="CastleSegment3" parent="CastleSegmentLeft" instance=ExtResource("3_hu1wl")]
transform = Transform3D(1, 0, 0, 0, 1, 0, 0, 0, 1, 0, 0, -60)

[node name="CastleSegment4" parent="CastleSegmentLeft" instance=ExtResource("3_hu1wl")]
transform = Transform3D(1, 0, 0, 0, 1, 0, 0, 0, 1, -3.8147e-06, 0, -90)

[node name="CastleSegment5" parent="CastleSegmentLeft" instance=ExtResource("3_hu1wl")]
transform = Transform3D(1, 0, 0, 0, 1, 0, 0, 0, 1, -5.72205e-06, 0, -120)

[node name="CastleSegmentCorner" parent="CastleSegmentLeft" instance=ExtResource("8_gj6qp")]
transform = Transform3D(-4.37114e-08, 0, 1, 0, 1, 0, -1, 0, -4.37114e-08, 0.382553, 0, -142.165)

[node name="CastleSegment6" parent="CastleSegmentLeft" instance=ExtResource("3_hu1wl")]
transform = Transform3D(-0.643389, 0, -0.765539, 0, 1, 0, 0.765539, 0, -0.643389, -3.94024, 0, -150.909)

[node name="CastleSegment7" parent="CastleSegmentLeft" instance=ExtResource("3_hu1wl")]
transform = Transform3D(-0.643389, 0, -0.765539, 0, 1, 0, 0.765539, 0, -0.643389, -23.6717, 0, -167.484)

[node name="WallRight" parent="CastleSegmentLeft/CastleSegment7" index="1"]
transform = Transform3D(1, 0, -2.98023e-08, 0, 1, 0, 2.98023e-08, 0, 1, -0.0106201, 0, -1.4912)

[node name="CastleSegment8" parent="CastleSegmentLeft" instance=ExtResource("3_hu1wl")]
transform = Transform3D(-0.643389, 0, -0.765539, 0, 1, 0, 0.765539, 0, -0.643389, -46.9022, 0, -186.992)

[node name="CastleSegment9" parent="CastleSegmentLeft" instance=ExtResource("3_hu1wl")]
transform = Transform3D(-0.643389, 0, -0.765539, 0, 1, 0, 0.765539, 0, -0.643389, -70.3578, 0, -206.717)

[node name="CastleSegmentRight" parent="." instance=ExtResource("3_hu1wl")]
transform = Transform3D(-4.37114e-08, 0, -1, 0, 1, 0, 1, 0, -4.37114e-08, -5, 0, 10.4)

[node name="CastleSegment2" parent="CastleSegmentRight" instance=ExtResource("3_hu1wl")]
transform = Transform3D(1, 0, 0, 0, 1, 0, 0, 0, 1, -1.90735e-06, 0, -30)

[node name="CastleSegment3" parent="CastleSegmentRight" instance=ExtResource("3_hu1wl")]
transform = Transform3D(1, 0, 0, 0, 1, 0, 0, 0, 1, 0, 0, -60)

[node name="CastleSegment4" parent="CastleSegmentRight" instance=ExtResource("3_hu1wl")]
transform = Transform3D(1, 0, 0, 0, 1, 0, 0, 0, 1, -3.8147e-06, 0, -90)

[node name="CastleSegmentGate" parent="CastleSegmentRight" instance=ExtResource("5_6hnvq")]
transform = Transform3D(1, 0, 0, 0, 1, 0, 0, 0, 1, -0.1, 0, -120)

[node name="CastleSegment5" parent="CastleSegmentRight" instance=ExtResource("3_hu1wl")]
transform = Transform3D(1, 0, 0, 0, 1, 0, 0, 0, 1, 0, 0, -150)

[node name="CastleSegment6" parent="CastleSegmentRight" instance=ExtResource("3_hu1wl")]
transform = Transform3D(1, 0, 0, 0, 1, 0, 0, 0, 1, 0, 0, -180)

[node name="CastleSegment7" parent="CastleSegmentRight" instance=ExtResource("3_hu1wl")]
transform = Transform3D(1, 0, 0, 0, 1, 0, 0, 0, 1, 0, 0, -210)

[node name="CastleSegment8" parent="CastleSegmentRight" instance=ExtResource("3_hu1wl")]
transform = Transform3D(1, 0, 0, 0, 1, 0, 0, 0, 1, 0, 0, -240)

[node name="CastleSegment9" parent="CastleSegmentRight" instance=ExtResource("3_hu1wl")]
transform = Transform3D(1, 0, 0, 0, 1, 0, 0, 0, 1, 0, 0, -270)

[node name="CastleSegment10" parent="CastleSegmentRight" instance=ExtResource("3_hu1wl")]
transform = Transform3D(1, 0, 0, 0, 1, 0, 0, 0, 1, 0, 0, -300)

[node name="CastleSegment11" parent="CastleSegmentRight" instance=ExtResource("3_hu1wl")]
transform = Transform3D(1, 0, 0, 0, 1, 0, 0, 0, 1, 0, 0, -330)

[node name="CastleSegmentMid" parent="." instance=ExtResource("3_hu1wl")]
transform = Transform3D(-0.765539, 0, 0.643389, 0, 1, 0, -0.643389, 0, -0.765539, 186.053, 0, -24.4656)

[node name="CastleSegmentCorner" parent="CastleSegmentMid" instance=ExtResource("8_gj6qp")]
transform = Transform3D(-0.765539, 0, -0.643389, 0, 1, 0, 0.643389, 0, -0.765539, 5.04333, 0, -10.5483)

[node name="CastleSegment2" parent="CastleSegmentMid" instance=ExtResource("3_hu1wl")]
transform = Transform3D(0.642788, 0, -0.766044, 0, 1, 0, 0.766044, 0, 0.642788, -10.9257, 0, -9.21257)

[node name="CastleSegment3" parent="CastleSegmentMid" instance=ExtResource("3_hu1wl")]
transform = Transform3D(0.642788, 0, -0.766045, 0, 1, 0, 0.766045, 0, 0.642788, -34.4093, 0, 10.5242)

[node name="CastleSegment4" parent="CastleSegmentMid" instance=ExtResource("3_hu1wl")]
transform = Transform3D(0.642788, 0, -0.766045, 0, 1, 0, 0.766045, 0, 0.642788, -57.7231, 0, 30.1181)

[node name="CastleSegment5" parent="CastleSegmentMid" instance=ExtResource("3_hu1wl")]
transform = Transform3D(0.642788, 0, -0.766045, 0, 1, 0, 0.766045, 0, 0.642788, -81.185, 0, 49.8364)

[node name="CastleSegment6" parent="CastleSegmentMid" instance=ExtResource("3_hu1wl")]
transform = Transform3D(0.642788, 0, -0.766045, 0, 1, 0, 0.766045, 0, 0.642788, -104.627, 0, 69.5376)

[node name="CastleSegmentEnd" parent="CastleSegmentMid" instance=ExtResource("4_i68hq")]
transform = Transform3D(0.642788, 0, -0.766045, 0, 1, 0, 0.766045, 0, 0.642788, -123.023, 0, 84.9985)

[node name="WallRight" parent="CastleSegmentMid/CastleSegmentEnd" index="0"]
visible = false
skeleton = NodePath("../../..")

[node name="CastleSegment7" parent="CastleSegmentMid" instance=ExtResource("3_hu1wl")]
transform = Transform3D(1, 0, -0.000611037, 0, 1, 0, 0.000611037, 0, 1, -0.0111237, -0.0396395, 30.5267)

[node name="CastleSegment8" parent="CastleSegmentMid" instance=ExtResource("3_hu1wl")]
transform = Transform3D(0.999915, 0, 0.0130545, 0, 1, 0, -0.0130545, 0, 0.999915, 0.171341, -0.0396399, 60.8781)

[connection signal="Finished" from="Player" to="Player/HUD" method="Finished" flags=18]

[editable path="CastleSegmentLeft/CastleSegment7"]
[editable path="CastleSegmentMid/CastleSegmentEnd"]
